0 0.145413870246085 0.6045540688810043 0.14093959731543626 0.15161230567548706
0 0.1890380313199105 0.7732227589449835 0.19463087248322147 0.151612305675487
0 0.2600671140939598 0.5173769931175992 0.12863534675615212 0.17056384388492277
0 0.2885906040268456 0.6689892987930862 0.12080536912751678 0.11749953689850237
0 0.4295302013422818 0.6291910685532709 0.11185682326621922 0.14403169039171254
0 0.4519015659955257 0.821549181379045 0.25055928411633116 0.1686686900639792
0 0.5648769574944071 0.5912879921343992 0.3825503355704698 0.25016030436455344
0 0.21308724832214765 0.6670941449721427 0.24944071588366892 0.46999814759400954
0 0.5234899328859061 0.605501645791476 0.46532438478747196 0.36197437980022507
0 0.4748322147651007 0.6481426067627067 0.5134228187919464 0.3790307641887174
