0 0.07494407158836686 0.5287479160432608 0.2158836689038031 0.5287479160432608 0.2158836689038031 0.6803602217187479 0.07494407158836686 0.6803602217187479
0 0.09172259507829977 0.69741660610724 0.28635346756152125 0.69741660610724 0.28635346756152125 0.849028911782727 0.09172259507829977 0.849028911782727
0 0.19574944071588368 0.4320950711751379 0.3243847874720358 0.4320950711751379 0.3243847874720358 0.6026589150600606 0.19574944071588368 0.6026589150600606
0 0.22818791946308725 0.610239530343835 0.348993288590604 0.610239530343835 0.348993288590604 0.7277390672423375 0.22818791946308725 0.7277390672423375
0 0.37360178970917224 0.5571752233574145 0.48545861297539145 0.5571752233574145 0.48545861297539145 0.701206913749127 0.37360178970917224 0.701206913749127
0 0.3266219239373601 0.7372148363470553 0.5771812080536913 0.7372148363470553 0.5771812080536913 0.9058835264110345 0.3266219239373601 0.9058835264110345
0 0.37360178970917224 0.4662078399521225 0.7561521252796422 0.4662078399521225 0.7561521252796422 0.716368144316676 0.37360178970917224 0.716368144316676
0 0.0883668903803132 0.4320950711751379 0.3378076062639821 0.4320950711751379 0.3378076062639821 0.9020932187691474 0.0883668903803132 0.9020932187691474
0 0.29082774049217003 0.4245144558913635 0.756152125279642 0.4245144558913635 0.756152125279642 0.7864888356915886 0.29082774049217003 0.7864888356915886
0 0.21812080536912754 0.458627224668348 0.7315436241610739 0.458627224668348 0.7315436241610739 0.8376579888570654 0.21812080536912754 0.8376579888570654
