0 0.2173730978878038 0.6208639705882353 0.06023591869180105 0.06525735294117638
0 0.4570072961617079 0.4940257352941177 0.10999602543720187 0.07261029411764702
0 0.3201670026118555 0.681985294117647 0.11392445491710199 0.0569852941176471
0 0.3797481830570066 0.760110294117647 0.08118754258460142 0.04411764705882362
0 0.4995652821939586 0.7339154411764706 0.0746401601181013 0.0579044117647058
0 0.646226649443561 0.6686580882352942 0.11392445491710192 0.05974264705882355
0 0.6023591869180105 0.7219669117647058 0.08904440154440152 0.06709558823529406
0 0.6802730382693618 0.802389705882353 0.05892644219850098 0.04963235294117638
0 0.4897442084942085 0.9361213235294117 0.09428230751760161 0.078125
0 0.5414685299795594 0.2035845588235294 0.08773492505110156 0.07628676470588236
0 0.7287236685214625 0.4572610294117648 0.2082067624347036 0.14430147058823528
0 0.5453969594594593 0.3993566176470588 0.11392445491710199 0.09099264705882348
0 0.45897151090165794 0.7559742647058824 0.629858193277311 0.4457720588235295
