44 0.9966753979447914 0.6896551724137931 0.005440257908523071 0.009119407238529496
23 0.9840822083417288 0.69506982046167 0.005843239975821076 0.01054431461954973
35 0.9700785815031231 0.7066115702479339 0.006246222043119081 0.00968937019093759
43 0.9514406608905903 0.7111712738671986 0.004432802740278058 0.005129666571672842
38 0.9480153133185574 0.7003419777714448 0.008664114446907113 0.012254203476774009
40 0.9348176506145477 0.7086064405813622 0.01450735442272819 0.014249073810202337
4 0.9074148700382832 0.5705329153605015 0.09752166028611726 0.22143060701054432
20 0.926858754785412 0.6933599316044458 0.008261132379609107 0.00883442576232545
37 0.9207132782591174 0.6990595611285266 0.005440257908523071 0.007979481333713309
43 0.9279669554704816 0.6813907096038757 0.004231311706629055 0.004844685095468795
20 0.9487205319363289 0.6259618124821886 0.007858150312311102 0.00883442576232545
20 0.9526496070924844 0.5923339982901111 0.008261132379609107 0.009404388714733543
20 0.9312915575256902 0.5698204616699915 0.00846262341325811 0.009119407238529496
27 0.8533145275035261 0.7306925049871759 0.0028208744710860366 0.004559703619264748
20 0.8965343542212372 0.6591621544599601 0.00846262341325811 0.009404388714733543
20 0.8655047350392907 0.6783984041037333 0.00846262341325811 0.00883442576232545
27 0.8553294378400161 0.6819606725562838 0.003223856538384042 0.005984611000284981
27 0.8522063268184565 0.6839555428897122 0.003223856538384042 0.005699629524080934
28 0.8552286923231917 0.6675691080079795 0.01148498891799315 0.01652892561983471
27 0.8453556316743905 0.6620119692220006 0.003223856538384042 0.005984611000284981
20 0.8988515011082007 0.62182958107723 0.008261132379609107 0.00968937019093759
20 0.8789038887769495 0.6031632943858649 0.00846262341325811 0.009404388714733543
28 0.9845859359258513 0.555001424907381 0.01148498891799315 0.01652892561983471
27 0.9875075559137618 0.5376175548589341 0.0034253475720330447 0.005984611000284981
27 0.9958694338101954 0.5644058136221146 0.0036268386056820473 0.006269592476489028
27 0.9926455772718114 0.5665431746936449 0.0034253475720330447 0.005984611000284981
27 0.9767277856135402 0.5041322314049587 0.0030223655047350393 0.005414648047876888
27 0.9735039290751561 0.505842120262183 0.0028208744710860366 0.005414648047876888
28 0.9663509973806166 0.4971501852379595 0.011283497884344146 0.016243944143630663
27 0.9681644166834575 0.4763465374750641 0.003223856538384042 0.005984611000284981
7 0.962220431190812 0.44485608435451696 0.005440257908523071 0.007694499857509262
33 0.9552689905299214 0.44770589911655745 0.004432802740278058 0.00883442576232545
43 0.9617167036066895 0.4306070105443146 0.0034253475720330447 0.005699629524080934
43 0.9504332057223454 0.43744656597321174 0.003223856538384042 0.005699629524080934
11 0.9556719725972195 0.4297520661157025 0.009067096514205118 0.013679110857794243
8 0.9756195849284707 0.3968367056141351 0.004231311706629055 0.004844685095468795
23 0.9690711263348781 0.4012539184952978 0.006044731009470079 0.01054431461954973
35 0.96262341325811 0.40752351097178685 0.005843239975821076 0.009404388714733543
42 0.8721539391497078 0.4598176118552294 0.0038283296393310496 0.006554573952693075
12 0.8744710860366713 0.4670846394984326 0.0048357848075760625 0.006554573952693075
32 0.7795688091879911 0.5765175263607866 0.006850695144066089 0.009974351667141636
22 0.7854120491638122 0.5948988315759476 0.012290953052589159 0.0176688515246509
20 0.7940761636107193 0.5894841835280706 0.008261132379609107 0.00883442576232545
20 0.7767479347169051 0.6004559703619264 0.00846262341325811 0.009404388714733543
27 0.8049566794277655 0.5870618409803363 0.0028208744710860366 0.004559703619264748
7 0.8200685069514406 0.5746651467654602 0.005641748942172073 0.008264462809917356
20 0.8274229296796293 0.5685380450270733 0.00846262341325811 0.009119407238529496
27 0.8240983276244207 0.5581362211456256 0.004029820672980053 0.004844685095468795
27 0.8405198468668145 0.5480193787403819 0.004231311706629055 0.004559703619264748
27 0.8418295385855329 0.5528640638358506 0.004029820672980053 0.004559703619264748
20 0.8519040902679831 0.5153889997150185 0.006447713076768084 0.012254203476774009
20 0.8610719322990127 0.5473069250498718 0.00846262341325811 0.009119407238529496
20 0.9136610920814023 0.5141065830721003 0.008059641345960105 0.009119407238529496
20 0.9344146685472496 0.5344827586206896 0.008261132379609107 0.00883442576232545
20 0.8823292363489824 0.5693929894556854 0.008261132379609107 0.00883442576232545
20 0.847672778561354 0.6225420347677401 0.00846262341325811 0.009119407238529496
27 0.8367922627443078 0.6231119977201481 0.0030223655047350393 0.005414648047876888
27 0.8335684062059239 0.6251068680535765 0.0030223655047350393 0.005414648047876888
28 0.8377997179125529 0.6115702479338843 0.01148498891799315 0.016243944143630663
27 0.8275236751964538 0.6061555998860074 0.0034253475720330447 0.005699629524080934
20 0.9149707838001209 0.47534910230835 0.006447713076768084 0.012254203476774009
21 0.9545637719121499 0.41008834425762325 0.0048357848075760625 0.006554573952693075