27 0.11571875000000001 0.12803124999999999 0.08174999999999999 0.043874999999999977
27 0.11668750000000001 0.37796874999999996 0.07673437500000001 0.04723437499999998
27 0.12064062499999999 0.63553125 0.08117187500000002 0.04151562500000008
27 0.8903593750000001 0.10593749999999999 0.07895312499999996 0.044843749999999995
27 0.8895 0.203953125 0.08068750000000016 0.04640624999999998
27 0.8894062500000001 0.32975 0.08396875000000001 0.04798437499999997
27 0.887078125 0.53415625 0.07934374999999996 0.04360937499999995
27 0.8943125000000001 0.626375 0.08339062499999983 0.047499999999999966
27 0.8863125000000001 0.792390625 0.07779687499999995 0.04271874999999996
27 0.8896875 0.8928125 0.07412500000000008 0.04564062500000006
27 0.8895937500000001 0.976734375 0.07740624999999994 0.04451562500000002