7 0.4384765625 0.14917127071823205 0.01025390625 0.014502762430939226
20 0.515625 0.19820441988950277 0.01904296875 0.014502762430939226
20 0.5615234375 0.19820441988950277 0.017578125 0.013812154696132596
22 0.5390625 0.19751381215469613 0.02197265625 0.031077348066298343
20 0.63671875 0.23273480662983426 0.00927734375 0.028314917127071824
14 0.6318359375 0.5193370165745856 0.05224609375 0.14433701657458564
20 0.63623046875 0.43162983425414364 0.00927734375 0.026933701657458564
20 0.53125 0.5193370165745856 0.00927734375 0.026933701657458564
20 0.31640625 0.5538674033149171 0.0185546875 0.013121546961325966
20 0.17529296875 0.40607734806629836 0.00830078125 0.025552486187845305
20 0.35693359375 0.22099447513812154 0.0087890625 0.026933701657458564
38 0.35693359375 0.2969613259668508 0.01611328125 0.022099447513812154
40 0.32177734375 0.2969613259668508 0.033203125 0.017265193370165747
28 0.17529296875 0.375 0.02099609375 0.031077348066298343
27 0.1494140625 0.3397790055248619 0.00537109375 0.012430939226519336
27 0.158203125 0.33908839779005523 0.0048828125 0.013121546961325966
27 0.1494140625 0.4330110497237569 0.00439453125 0.013121546961325966
7 0.17822265625 0.4654696132596685 0.01171875 0.017265193370165747
27 0.2734375 0.5441988950276243 0.00390625 0.009668508287292817
2 0.3603515625 0.5089779005524862 0.06640625 0.17196132596685082
27 0.486328125 0.1871546961325967 0.00439453125 0.010359116022099447
32 0.53857421875 0.2472375690607735 0.0126953125 0.019337016574585635
20 0.59423828125 0.47513812154696133 0.01904296875 0.015193370165745856
43 0.63671875 0.6830110497237569 0.0087890625 0.009668508287292817
38 0.63671875 0.7120165745856354 0.0166015625 0.022099447513812154
40 0.67138671875 0.712707182320442 0.03369140625 0.017955801104972375
43 0.63623046875 0.7417127071823204 0.01025390625 0.008287292817679558
15 0.63623046875 0.8542817679558011 0.01953125 0.03591160220994475