37 0.520484375 0.211296875 0.041359375000000045 0.07101562499999999
37 0.2288125 0.450171875 0.037531249999999974 0.07106250000000003
43 0.526375 0.28409375 0.04082812499999999 0.032187500000000036
7 0.7832812500000002 0.40564062500000003 0.05940625000000006 0.05751562499999996
10 0.142140625 0.8959843749999999 0.11428124999999997 0.12006249999999988
13 0.26945312499999996 0.8965 0.05209375000000005 0.027671875000000058
20 0.35278125 0.8943125000000001 0.0975625 0.04612499999999997
43 0.45279687500000004 0.896859375 0.025375000000000016 0.04243750000000013
20 0.60046875 0.8973906250000001 0.09946874999999995 0.04699999999999989
7 0.7464999999999999 0.8838593749999999 0.056062499999999994 0.05859375
27 0.8018124999999999 0.7508125 0.022703124999999956 0.03659374999999994
27 0.8933125000000001 0.659140625 0.03535937500000017 0.027109375000000036
25 0.9286562500000001 0.8728906249999999 0.13490624999999987 0.22431249999999991