43 0.8669062500000001 0.1025625 0.03204687499999999 0.04849999999999999
43 0.8652656249999999 0.469421875 0.03223437500000017 0.04957812500000003
43 0.46392187500000004 0.64990625 0.035093750000000055 0.05290625000000002
43 0.40718750000000004 0.5974375000000001 0.04664062500000003 0.03128124999999997
43 0.40718750000000004 0.4144375 0.04664062500000003 0.029875000000000006
8 0.51834375 0.100734375 0.04670312499999998 0.027468749999999986
8 0.519109375 0.46681249999999996 0.048249999999999994 0.026999999999999958
8 0.8632500000000001 0.6506875 0.04554687500000014 0.026671875000000077
8 0.8632500000000001 0.7575624999999999 0.04554687500000014 0.032109374999999926
8 0.864796875 0.8483437500000001 0.04864062500000017 0.029625000000000058
8 0.86565625 0.01246875 0.04690624999999997 0.0249375