46 0.007836990595611285 0.47016129032258064 0.01567398119122257 0.037096774193548385
38 0.02792818466799658 0.42963709677419354 0.010259333143345683 0.014516129032258065
28 0.005272157309774865 0.3858870967741935 0.01054431461954973 0.020967741935483872
2 0.04189227700199487 0.40826612903225806 0.03590766600170989 0.05282258064516129
3 0.0957537760045597 0.3346774193548387 0.03220290681105728 0.04395161290322581
38 0.08492447990880593 0.3362903225806452 0.009974351667141636 0.014112903225806451
4 0.16614420062695925 0.24596774193548387 0.07666001709888857 0.11895161290322581
38 0.13337133086349387 0.29858870967741935 0.01054431461954973 0.014919354838709677
39 0.21872328298660587 0.1659274193548387 0.024223425477343973 0.036290322580645164
28 0.20390424622399544 0.13850806451612904 0.01396409233399829 0.01975806451612903
25 0.18694784838985465 0.10806451612903226 0.01937874038187518 0.028225806451612902
10 0.16500427472214307 0.07681451612903226 0.01396409233399829 0.01975806451612903
28 0.29595326303790254 0.27681451612903224 0.012824166429182103 0.018145161290322582
28 0.2975206611570248 0.36270161290322583 0.013394129381590196 0.018951612903225806
22 0.29538330008549446 0.3834677419354839 0.015388999715018524 0.021774193548387097
28 0.2838415502992305 0.401008064516129 0.014249073810202337 0.020161290322580645
16 0.280421772584782 0.3784274193548387 0.01738387004844685 0.025
16 0.26873753206041606 0.3641129032258065 0.0176688515246509 0.025403225806451612
25 0.27058991165574237 0.4368951612903226 0.018808777429467086 0.027016129032258064
28 0.2946708463949843 0.4762096774193548 0.012824166429182103 0.018145161290322582
28 0.32829866058706186 0.4165322580645161 0.013394129381590196 0.018951612903225806
22 0.3613565118267313 0.49294354838709675 0.014534055286406384 0.020967741935483872
14 0.4031062980906241 0.4796370967741935 0.03163294385864919 0.0467741935483871
38 0.427044742091764 0.4449596774193548 0.01054431461954973 0.014919354838709677
15 0.44414363066400686 0.4179435483870968 0.01481903676261043 0.021774193548387097
15 0.42476489028213166 0.39475806451612905 0.01481903676261043 0.021370967741935483
26 0.39840410373325735 0.4375 0.01937874038187518 0.028225806451612902
3 0.372185807922485 0.4256048387096774 0.03305785123966942 0.04516129032258064
38 0.3603590766600171 0.4282258064516129 0.010829296095753777 0.014919354838709677
36 0.27529210601310916 0.566733870967742 0.12510686805357651 0.1963709677419355
26 0.18281561698489598 0.6282258064516129 0.018238814477058992 0.02661290322580645
15 0.20376175548589343 0.5951612903225807 0.01396409233399829 0.020161290322580645
18 0.15175263607865488 0.5834677419354839 0.021373610715303505 0.03185483870967742
28 0.18994015388999716 0.5546370967741936 0.012539184952978056 0.017741935483870968
16 0.1865203761755486 0.5189516129032258 0.018238814477058992 0.02661290322580645
28 0.18766030208036477 0.4536290322580645 0.012539184952978056 0.017741935483870968
6 0.21444856084354516 0.41008064516129034 0.01396409233399829 0.01975806451612903
43 0.20946138500997435 0.4183467741935484 0.004559703619264748 0.006048387096774193
43 0.22342547734397264 0.3953629032258065 0.004559703619264748 0.006048387096774193
37 0.23211741236819608 0.4163306451612903 0.006839555428897122 0.00967741935483871
35 0.17725847819891707 0.5961693548387097 0.007409518381305215 0.010483870967741936
35 0.18723282986605871 0.5796370967741935 0.007409518381305215 0.010483870967741936
43 0.10273582217155885 0.6252016129032258 0.004559703619264748 0.0064516129032258064
43 0.11456255343402678 0.5308467741935484 0.004559703619264748 0.0064516129032258064
35 0.15588486748361358 0.11209677419354838 0.007694499857509262 0.010887096774193548
22 0.2298375605585637 0.2725806451612903 0.014249073810202337 0.020161290322580645
28 0.20903391279566827 0.2473790322580645 0.012824166429182103 0.018145161290322582
28 0.19535480193787405 0.27338709677419354 0.012824166429182103 0.018145161290322582
28 0.17725847819891707 0.3034274193548387 0.012539184952978056 0.017741935483870968
16 0.15958962667426618 0.3409274193548387 0.01396409233399829 0.02056451612903226
38 0.14790538614990026 0.3592741935483871 0.009974351667141636 0.014112903225806451
38 0.11741236819606725 0.4383064516129032 0.009974351667141636 0.014112903225806451
22 0.10131091479053861 0.4098790322580645 0.01396409233399829 0.01975806451612903
14 0.1305215161014534 0.3842741935483871 0.03134796238244514 0.046370967741935484
15 0.134083784554004 0.41108870967741934 0.014534055286406384 0.020967741935483872
14 0.09475634083784554 0.4721774193548387 0.03220290681105728 0.04758064516129032
22 0.0457395269307495 0.4798387096774194 0.014249073810202337 0.020161290322580645
7 0.07523510971786834 0.4173387096774194 0.005699629524080934 0.008467741935483872
28 0.05143915645483044 0.30786290322580645 0.012254203476774009 0.017338709677419354
28 0.13265887717298375 0.22116935483870967 0.01396409233399829 0.01935483870967742
28 0.14975776574522656 0.19274193548387097 0.013679110857794243 0.01935483870967742