7 0.05541003425347572 0.5200911940723852 0.006044731009470079 0.008549444286121402
20 0.08774934515414064 0.5017098888572242 0.00846262341325811 0.012254203476774009
20 0.1009470078581503 0.4824736392134511 0.007858150312311102 0.011399259048161869
22 0.09439854926455772 0.49173553719008267 0.012895426153536168 0.018238814477058992
20 0.12976022566995768 0.4608150470219436 0.008664114446907113 0.011969222000569962
14 0.18849486197864196 0.5450270732402394 0.04533548257102559 0.06326588771729838
20 0.17136812411847674 0.517953833000855 0.008261132379609107 0.011684240524365916
20 0.15968164416683459 0.5872043317184383 0.008261132379609107 0.011684240524365916
20 0.047350392907515616 0.5742376745511542 0.007455168245013097 0.010259333143345683
38 0.06397340318355833 0.5953263037902536 0.007656659278662099 0.01054431461954973
2 0.11243199677614346 0.6500427472214306 0.04714890187386661 0.06554573952693075
27 0.0770703203707435 0.5108292960957538 0.0034253475720330447 0.004844685095468795
32 0.10467459198065686 0.506127101738387 0.007656659278662099 0.010829296095753777
20 0.1684465041305662 0.5481618694784839 0.008664114446907113 0.012254203476774009
43 0.22425952045133993 0.5899116557423767 0.00463429377392706 0.006554573952693075
38 0.23030425146081 0.5981761185522941 0.009470078581503123 0.013394129381590196
40 0.24037880314326013 0.5837845540039898 0.013499899254483175 0.01937874038187518
43 0.23644972798710456 0.6068680535765175 0.00463429377392706 0.006554573952693075
15 0.2600241789240379 0.6392134511256768 0.01309691718718517 0.018523795953263037