36 0.22849083215796898 0.8257338273012255 0.13781986701591778 0.0877742946708464
20 0.26244207132782593 0.7953833000854944 0.004432802740278058 0.011399259048161869
20 0.15726375176304655 0.7908235964662297 0.008664114446907113 0.007124536905101168
20 0.15595406004432802 0.8102023368481048 0.008059641345960105 0.006839555428897122
20 0.15172274833769897 0.8257338273012255 0.008261132379609107 0.007124536905101168
43 0.15131976627040097 0.7851239669421488 0.0036268386056820473 0.003989740666856654
37 0.15162200282087446 0.774152180108293 0.005238766874874068 0.006839555428897122
27 0.14235341527302034 0.8733257338273013 0.0034253475720330447 0.003134796238244514
27 0.25760628652024986 0.9458535195212311 0.0028208744710860366 0.002849814762040467
20 0.2553898851501108 0.8662011969222001 0.0048357848075760625 0.011114277571957822
12 0.29679629256498086 0.8384155029923055 0.004432802740278058 0.005984611000284981
20 0.3116058835381825 0.841122827016244 0.007858150312311102 0.006839555428897122
42 0.3175498690308281 0.8422627529210601 0.004231311706629055 0.003989740666856654
29 0.3291356034656458 0.8379880307779994 0.005238766874874068 0.007409518381305215
43 0.16441668345758614 0.7922485038472499 0.0024178924037880313 0.005129666571672842
43 0.1610920814023776 0.8111997720148191 0.0024178924037880313 0.005699629524080934