28 0.548095703125 1.3047684865238425 0.02197265625 0.031098825155494125
28 0.536376953125 1.1582584657912924 0.02294921875 0.03248099516240498
22 0.529052734375 1.123704215618521 0.0263671875 0.03731859018659295
28 0.5068359375 1.0981340704906704 0.0244140625 0.03455425017277125
16 0.504638671875 1.1375259156876296 0.0302734375 0.042156185210780926
16 0.4873046875 1.1655148583275743 0.03076171875 0.04284727021423635
25 0.47802734375 1.0414651002073254 0.03271484375 0.04561161022805805
28 0.512451171875 0.9668279198341396 0.02197265625 0.031098825155494125
28 0.579345703125 1.056668970283345 0.02294921875 0.03248099516240498
22 0.62255859375 0.9156876295784382 0.025390625 0.035245335176226675
14 0.69580078125 0.9239806496199032 0.056640625 0.07671043538355218
38 0.7421875 0.974775397373877 0.01806640625 0.025570145127850726
15 0.775634765625 1.0152038700760193 0.0263671875 0.0359364201796821
15 0.746826171875 1.061161022805805 0.02587890625 0.0359364201796821
26 0.69482421875 0.9972356599861782 0.0341796875 0.046993780234968904
3 0.65234375 1.026261230131306 0.0546875 0.0801658604008293
38 0.6318359375 1.0259156876295785 0.01806640625 0.02626123013130615
36 0.46435546875 0.8196268140981341 0.23779296875 0.3033863165169316
26 0.296875 0.7463718037318591 0.0322265625 0.0442294402211472
15 0.338134765625 0.7954388389771941 0.0244140625 0.033863165169315826
18 0.251708984375 0.8327574291637871 0.03857421875 0.051831375259156875
28 0.3212890625 0.869039391845197 0.021484375 0.0304077401520387
16 0.321533203125 0.9308914996544575 0.0322265625 0.0442294402211472
28 0.334716796875 1.0411195577055978 0.021484375 0.0304077401520387
6 0.387451171875 1.1060815480304078 0.02392578125 0.033863165169315826
43 0.37744140625 1.09364201796821 0.00732421875 0.0110573600552868
43 0.405029296875 1.1278507256392536 0.00732421875 0.0110573600552868
37 0.416259765625 1.0894955079474775 0.01171875 0.0165860400829302
35 0.292724609375 0.8026952315134761 0.0126953125 0.01796821008984105
35 0.312744140625 0.8272287491361437 0.0126953125 0.01796821008984105
43 0.161376953125 0.7785072563925363 0.0078125 0.0110573600552868
43 0.197509765625 0.9346924671734623 0.0078125 0.0110573600552868
22 0.436767578125 1.334139599170698 0.0244140625 0.03455425017277125
28 0.405517578125 1.3838977194194886 0.02197265625 0.031098825155494125
28 0.3779296875 1.3445058742225293 0.02197265625 0.031098825155494125
28 0.34228515625 1.2995853489979268 0.021484375 0.0304077401520387
16 0.305908203125 1.2418797512093989 0.02490234375 0.033863165169315826
38 0.282958984375 1.2145818935729096 0.01708984375 0.024187975120939877
38 0.218017578125 1.0908776779543883 0.01708984375 0.024187975120939877
22 0.195556640625 1.144436765722184 0.02392578125 0.033863165169315826
14 0.249267578125 1.1779543883897718 0.05615234375 0.07601935038009675
15 0.2509765625 1.1313061506565307 0.025390625 0.035245335176226675
14 0.173828125 1.04077401520387 0.0576171875 0.07809260539046303
22 0.091552734375 1.04077401520387 0.0205078125 0.028334485141672427