37 0.415625 0.77734375 0.0625 0.0796875
37 0.22890625 0.44921875 0.0609375 0.0796875
43 0.44765625 0.7109375 0.05 0.0453125
7 0.73125 0.68984375 0.0765625 0.075
10 0.3078125 0.0390625 0.15 0.078125
13 0.42734375 0.046875 0.0578125 0.0453125
20 0.50390625 0.07890625 0.1078125 0.078125
43 0.5984375 0.1125 0.0390625 0.0484375
20 0.73671875 0.16484375 0.1109375 0.0796875
7 0.86796875 0.23046875 0.0734375 0.075
27 0.87109375 0.37421875 0.034375 0.0421875
27 0.92421875 0.4921875 0.04375 0.0375
25 0.96484375 0.30546875 0.0703125 0.2578125