8 0.6567968750000001 0.586515625 0.05384375000000006 0.030796875000000057
23 0.542390625 0.5879531250000001 0.05050000000000008 0.09124999999999997
35 0.405671875 0.565046875 0.06490624999999998 0.07181250000000006
8 0.14364062500000002 0.586515625 0.051750000000000004 0.030796875000000057
33 0.18203125 0.682234375 0.042156250000000006 0.08312500000000007
8 0.068578125 0.681265625 0.050328125000000015 0.033218749999999984
24 0.0690625 0.5690000000000001 0.05128124999999999 0.06773437500000004
8 0.49871875 0.07528125 0.047171875000000085 0.026203124999999994
23 0.42946875 0.076015625 0.05010937500000008 0.08771875
35 0.31259375 0.054265625 0.061875000000000034 0.0735625
44 0.182125 0.054468749999999996 0.051750000000000004 0.06996875