8 0.06392187499999999 0.082796875 0.047609374999999995 0.026312500000000006
8 0.065375 0.446265625 0.05396874999999999 0.03104687500000001
8 0.063828125 0.8121562499999999 0.050875000000000004 0.03714062499999997
19 0.333484375 0.540125 0.051999999999999956 0.034734375000000026
19 0.3294375 0.1731875 0.050843750000000035 0.03695312500000001
19 0.3294375 0.904671875 0.050843750000000035 0.031187500000000055
43 0.1903125 0.902359375 0.02953125000000001 0.05432812499999997
43 0.066046875 0.9047656249999999 0.031015625000000012 0.055687500000000154
43 0.19185937500000003 0.538109375 0.032625000000000015 0.048046875
43 0.19107812500000002 0.1744375 0.031078125000000022 0.04987499999999998
43 0.0645 0.17453125 0.027921875000000006 0.04659374999999999
43 0.0643125 0.539078125 0.034484375 0.043031249999999945