20 0.64111328125 2.3715469613259668 0.013671875 0.029005524861878452
20 0.63232421875 2.3076657458563536 0.01318359375 0.026933701657458564
22 0.63623046875 2.3390883977900554 0.02587890625 0.03660220994475138
20 0.641845703125 2.1968232044198897 0.021484375 0.017955801104972375
14 0.841796875 2.1488259668508287 0.1103515625 0.10013812154696132
20 0.780029296875 2.1595303867403315 0.0205078125 0.017955801104972375
20 0.861083984375 2.288328729281768 0.0205078125 0.017955801104972375
27 0.638916015625 2.414364640883978 0.0078125 0.008287292817679558
32 0.670654296875 2.3301104972375692 0.015625 0.021408839779005526
20 0.818359375 2.209599447513812 0.01416015625 0.029005524861878452
43 0.954345703125 2.110842541436464 0.00830078125 0.013812154696132596
38 0.974609375 2.105317679558011 0.0185546875 0.026933701657458564
40 0.968505859375 2.056975138121547 0.01904296875 0.05041436464088398
43 0.995361328125 2.1001381215469612 0.0078125 0.015883977900552487
15 1.073486328125 2.0787292817679557 0.02880859375 0.03383977900552486