38 0.350341796875 2.152279005524862 0.01708984375 0.013812154696132596
27 0.65185546875 2.262085635359116 0.0048828125 0.003453038674033149
3 0.578369140625 2.18335635359116 0.0810546875 0.12361878453038674
20 0.539306640625 2.155732044198895 0.02001953125 0.019337016574585635
20 0.547119140625 2.1022099447513813 0.02197265625 0.020027624309392266
20 0.45166015625 1.8877762430939227 0.01318359375 0.028314917127071824
22 0.445556640625 1.9191988950276244 0.0283203125 0.0393646408839779
32 0.479736328125 1.9305939226519337 0.015625 0.022099447513812154
14 0.6064453125 1.820096685082873 0.126953125 0.12085635359116022
35 0.6494140625 1.8819060773480663 0.01318359375 0.020718232044198894
23 0.66943359375 1.8964088397790055 0.01220703125 0.024171270718232045
33 0.68994140625 1.9029696132596685 0.009765625 0.022099447513812154
8 0.7109375 1.910220994475138 0.0107421875 0.011049723756906077
38 0.74755859375 1.8625690607734806 0.01904296875 0.026933701657458564
40 0.756103515625 1.8135359116022098 0.01953125 0.05110497237569061
43 0.764404296875 1.868439226519337 0.00830078125 0.015883977900552487
15 0.82421875 1.8888121546961325 0.03076171875 0.03660220994475138
37 0.634521484375 1.9261049723756907 0.015625 0.017265193370165747
37 0.616943359375 1.958218232044199 0.01025390625 0.016574585635359115
45 0.6552734375 1.9375 0.02587890625 0.0649171270718232
26 0.681884765625 2.1035911602209945 0.04736328125 0.05041436464088398
7 0.75732421875 2.135013812154696 0.0126953125 0.019337016574585635
15 0.781494140625 2.1377762430939224 0.03125 0.03729281767955801
20 0.4208984375 2.0590469613259668 0.0126953125 0.029005524861878452
27 0.424560546875 1.99792817679558 0.00830078125 0.008977900552486187
27 0.65869140625 2.0604281767955803 0.00634765625 0.011740331491712707
27 0.6826171875 2.068024861878453 0.00634765625 0.011740331491712707
44 0.62158203125 1.9854972375690607 0.01171875 0.020027624309392266