11 0.6812968749999999 0.047421875 0.1024531249999999 0.09484375
8 0.785296875 0.077921875 0.05023437499999996 0.029703125000000007
8 0.581953125 0.07534375 0.05026562499999994 0.027984374999999995
33 0.621859375 0.1700625 0.03526562500000008 0.08126562499999998
8 0.7544531250000001 0.16989062500000002 0.04712499999999995 0.02921874999999998
44 0.978125 0.0546875 0.04375 0.06875
24 0.86896875 0.569953125 0.05640624999999986 0.06582812499999999
8 0.793078125 0.588265625 0.05170312500000005 0.03039062500000007
8 0.946109375 0.588484375 0.050359375000000026 0.03229687499999993
8 0.86896875 0.68153125 0.050515624999999884 0.02865625000000005
33 0.979875 0.680125 0.036968750000000127 0.08173437499999991
20 0.451078125 0.85215625 0.04846874999999997 0.10265625000000007