46 0.1904296875 0.1050449205252246 0.0224609375 0.056668970283344854
38 0.1904296875 0.19695922598479612 0.01220703125 0.01796821008984105
28 0.12353515625 0.21423635107118175 0.01904296875 0.024187975120939877
2 0.19140625 0.24671734623358674 0.03271484375 0.07947477539737388
3 0.20263671875 0.4277816171389081 0.048828125 0.03939184519695923
38 0.18994140625 0.40843123704215617 0.0126953125 0.0165860400829302
4 0.22314453125 0.6544574982722875 0.03173828125 0.23151347615756737
38 0.22265625 0.5342087076710436 0.0126953125 0.01796821008984105
39 0.2275390625 0.8417415342087077 0.01953125 0.0580511402902557
28 0.1865234375 0.8534899792674498 0.017578125 0.022805805114029024
25 0.140625 0.8659295093296475 0.02001953125 0.03939184519695923
10 0.08740234375 0.8714581893572909 0.017578125 0.023496890117484452
28 0.41552734375 0.821008984105045 0.01611328125 0.021423635107118175
28 0.48583984375 0.7125086385625432 0.01611328125 0.022805805114029024
22 0.49951171875 0.6821008984105045 0.01904296875 0.025570145127850726
28 0.49853515625 0.6413268832066344 0.017578125 0.024187975120939877
16 0.47607421875 0.6648237733241189 0.0185546875 0.033863165169315826
16 0.44970703125 0.6648237733241189 0.01904296875 0.033863165169315826
25 0.509765625 0.5736005528680027 0.01904296875 0.03800967519004837
28 0.572265625 0.5611610228058052 0.01513671875 0.022805805114029024
28 0.568359375 0.6917760884588804 0.015625 0.024187975120939877
22 0.671875 0.645473393227367 0.01708984375 0.02626123013130615
14 0.71533203125 0.7290946786454734 0.02880859375 0.07049067035245335
38 0.71875 0.8120248790601244 0.0126953125 0.01796821008984105
15 0.71923828125 0.8742225293711127 0.0146484375 0.031098825155494125
15 0.67578125 0.8735314443676572 0.01513671875 0.029716655148583276
26 0.67578125 0.7760884588804423 0.02001953125 0.03939184519695923
3 0.63232421875 0.7498272287491361 0.04931640625 0.0414651002073255
38 0.619140625 0.7277125086385625 0.013671875 0.017277125086385625
36 0.619140625 0.4132688320663442 0.04150390625 0.3946095369730477
26 0.54833984375 0.18659295093296477 0.01806640625 0.03800967519004837
15 0.54931640625 0.2626123013130615 0.0146484375 0.027643400138217002
18 0.47265625 0.19488597097442986 0.01708984375 0.05114029025570145
28 0.4990234375 0.2930200414651002 0.01513671875 0.0221147201105736
16 0.46630859375 0.3337940566689703 0.017578125 0.038700760193503804
28 0.416015625 0.4201796821008984 0.015625 0.021423635107118175
6 0.416015625 0.5190048375950241 0.01708984375 0.023496890117484452
43 0.416015625 0.5003455425017277 0.00634765625 0.006219765031098825
43 0.416015625 0.5521769177608846 0.00634765625 0.006219765031098825
37 0.44384765625 0.5390463026952315 0.01025390625 0.008984105044920525
35 0.515625 0.21907394609536973 0.0078125 0.014512785072563926
35 0.515625 0.2563925362819627 0.00830078125 0.013821700069108501
43 0.4423828125 0.06288873531444368 0.00537109375 0.0082930200414651
43 0.3828125 0.2038700760193504 0.0068359375 0.006219765031098825
35 0.103515625 0.8113337940566689 0.0078125 0.01520387007601935
22 0.32666015625 0.7214927436074637 0.01708984375 0.0248790601243953
28 0.27978515625 0.7208016586040082 0.01513671875 0.022805805114029024
28 0.28271484375 0.6655148583275743 0.01708984375 0.020041465100207326
28 0.283203125 0.5977885279889427 0.015625 0.021423635107118175
16 0.2900390625 0.5210780926053905 0.01416015625 0.02902557014512785
38 0.28955078125 0.47892190739460955 0.01171875 0.017277125086385625
38 0.31298828125 0.3282653766413269 0.01220703125 0.017277125086385625
22 0.26953125 0.33932273669661367 0.0166015625 0.024187975120939877
14 0.287109375 0.4187975120939876 0.02685546875 0.07256392536281962
15 0.31298828125 0.3897719419488597 0.01416015625 0.0304077401520387
14 0.310546875 0.2480995162404976 0.02734375 0.0746371803731859
22 0.25341796875 0.1603317208016586 0.0166015625 0.025570145127850726
7 0.24169921875 0.28818244644091223 0.0068359375 0.010366275051831375
28 0.1240234375 0.391845196959226 0.01416015625 0.0221147201105736
28 0.16015625 0.6330338631651693 0.01806640625 0.0221147201105736
28 0.15966796875 0.6973047684865239 0.0166015625 0.023496890117484452