8 0.863921875 0.446265625 0.05037500000000002 0.03104687500000001
8 0.519109375 0.539546875 0.048249999999999994 0.026640624999999928
8 0.8655625 0.808984375 0.05018749999999983 0.03423437500000004
8 0.52065625 0.9037968749999999 0.05134375000000002 0.0329218749999999
8 0.519015625 0.174140625 0.05153125000000003 0.031937499999999994
8 0.8630625000000001 0.084328125 0.05210937499999986 0.029390625000000004
43 0.40718750000000004 0.118578125 0.04664062500000003 0.03190624999999998
43 0.40979687499999995 0.486203125 0.041437499999999974 0.034531250000000034
43 0.866046875 0.5372343749999999 0.03378124999999983 0.04978125000000002
43 0.866234375 0.903328125 0.027218750000000114 0.04931249999999991
43 0.8643124999999999 0.1735625 0.037249999999999873 0.051609375