36 0.42529296875 1.7140883977900552 0.337890625 0.32320441988950277
20 0.518798828125 1.675414364640884 0.01513671875 0.029005524861878452
20 0.27587890625 1.5656077348066297 0.02197265625 0.023480662983425413
20 0.263671875 1.6091160220994476 0.0205078125 0.022790055248618785
20 0.24658203125 1.6415745856353592 0.021484375 0.023480662983425413
43 0.2646484375 1.546270718232044 0.00927734375 0.011740331491712707
37 0.2705078125 1.5214088397790055 0.0146484375 0.020027624309392266
27 0.2021484375 1.743439226519337 0.0087890625 0.010359116022099447
27 0.4365234375 2.021063535911602 0.00732421875 0.008977900552486187
20 0.46875 1.8335635359116023 0.015625 0.029005524861878452
12 0.578369140625 1.808011049723757 0.0126953125 0.017265193370165747
20 0.611572265625 1.8283839779005524 0.0205078125 0.022099447513812154
42 0.625 1.836671270718232 0.01123046875 0.012430939226519336
29 0.654052734375 1.837707182320442 0.0146484375 0.020718232044198894
43 0.2919921875 1.575621546961326 0.0078125 0.013812154696132596
43 0.275390625 1.6163674033149171 0.0078125 0.014502762430939226