43 0.14306640625 0.14433701657458564 0.00537109375 0.011740331491712707
44 0.212890625 0.1388121546961326 0.00927734375 0.017955801104972375
23 0.2509765625 0.14433701657458564 0.01025390625 0.023480662983425413
35 0.3046875 0.13812154696132597 0.01171875 0.020718232044198894
33 0.212890625 0.24240331491712708 0.00732421875 0.021408839779005526
7 0.2314453125 0.2969613259668508 0.0107421875 0.015883977900552487
40 0.31787109375 0.25828729281767954 0.033203125 0.019337016574585635
38 0.35205078125 0.2575966850828729 0.01708984375 0.022790055248618785
43 0.35205078125 0.22790055248618785 0.00830078125 0.008977900552486187
40 0.32470703125 0.6084254143646409 0.03369140625 0.017955801104972375
27 0.3525390625 0.6975138121546961 0.00732421875 0.006906077348066298
3 0.38818359375 0.5780386740331491 0.0810546875 0.09185082872928177
20 0.4013671875 0.5172651933701657 0.00927734375 0.026243093922651933
20 0.43994140625 0.5151933701657458 0.009765625 0.028314917127071824
20 0.56396484375 0.332182320441989 0.0185546875 0.012430939226519336
22 0.541015625 0.3314917127071823 0.02294921875 0.03314917127071823
32 0.54150390625 0.3812154696132597 0.0126953125 0.017955801104972375
14 0.64794921875 0.5283149171270718 0.05908203125 0.1643646408839779
35 0.61572265625 0.6022099447513812 0.0126953125 0.014502762430939226
23 0.61083984375 0.6332872928176796 0.015625 0.012430939226519336
33 0.611328125 0.6629834254143646 0.0146484375 0.008977900552486187
8 0.611328125 0.6933701657458563 0.00537109375 0.013812154696132596
38 0.65283203125 0.7320441988950276 0.015625 0.022099447513812154
40 0.6884765625 0.7320441988950276 0.0341796875 0.016574585635359115
43 0.65283203125 0.7569060773480663 0.009765625 0.008977900552486187
15 0.6533203125 0.8439226519337016 0.02001953125 0.03798342541436464
37 0.58203125 0.5925414364640884 0.00927734375 0.019337016574585635
37 0.5556640625 0.5759668508287292 0.01025390625 0.011049723756906077
45 0.5791015625 0.6236187845303868 0.04345703125 0.022099447513812154
26 0.4716796875 0.7002762430939227 0.0263671875 0.05939226519337017
7 0.46826171875 0.81146408839779 0.01171875 0.014502762430939226
15 0.47216796875 0.8453038674033149 0.0205078125 0.03798342541436464
20 0.43896484375 0.3314917127071823 0.01904296875 0.011740331491712707
20 0.181640625 0.39088397790055246 0.00927734375 0.026243093922651933
27 0.19580078125 0.356353591160221 0.00732421875 0.006215469613259668
28 0.18115234375 0.42748618784530384 0.029296875 0.04074585635359116
27 0.19482421875 0.4647790055248619 0.00830078125 0.006906077348066298
7 0.18408203125 0.4903314917127072 0.0107421875 0.015193370165745856
27 0.48193359375 0.3218232044198895 0.0048828125 0.010359116022099447
27 0.49560546875 0.6581491712707183 0.00732421875 0.006906077348066298
27 0.49609375 0.6926795580110497 0.00732421875 0.006906077348066298
44 0.5380859375 0.5890883977900553 0.01220703125 0.013121546961325966