20 0.3682248639935523 0.010259333143345683 0.006246222043119081 0.011969222000569962
22 0.3716502115655853 0.0032772869763465374 0.012693935119887164 0.006554573952693075
32 0.385049365303244 0.0061271017383870046 0.006850695144066089 0.00968937019093759
14 0.4074148700382833 0.08691935024223425 0.0535966149506347 0.058136221145625534
35 0.4323997582107596 0.08150470219435736 0.005843239975821076 0.009119407238529496
23 0.44156760024178926 0.08392704474209177 0.005843239975821076 0.010259333143345683
33 0.44942575055410033 0.08905671131376461 0.0048357848075760625 0.009404388714733543
8 0.457586137416885 0.0939013964092334 0.00463429377392706 0.005129666571672842
38 0.4613137215393915 0.12239954402963807 0.00846262341325811 0.011969222000569962
40 0.45557122708039494 0.14163579367341123 0.009873060648801129 0.02108862923909946
43 0.46796292564980857 0.12638928469649474 0.004029820672980053 0.006554573952693075
15 0.4912351400362684 0.14078084924479908 0.013499899254483175 0.016813907096038756
37 0.43522063268184563 0.06184098033627814 0.006649204110417087 0.007979481333713309
37 0.43501914164819666 0.045027073240239385 0.00463429377392706 0.007409518381305215
45 0.4440862381624018 0.06540324878882872 0.012895426153536168 0.026788258763180393
26 0.48196655248841425 0.019948703334283273 0.02014910336490026 0.02365346252493588
7 0.5123916985694137 0.03605015673981191 0.005843239975821076 0.008549444286121402
15 0.5208543219826718 0.04360216585921915 0.013499899254483175 0.017098888572242805
27 0.4667539794479146 0.026075805072670277 0.0030223655047350393 0.005129666571672842
27 0.47602256699576867 0.031917925334853235 0.0030223655047350393 0.005129666571672842
44 0.44136610920814023 0.03776004559703619 0.005440257908523071 0.008549444286121402