36 0.5673828125 0.39986187845303867 0.1064453125 0.4558011049723757
20 0.63037109375 0.5048342541436464 0.0185546875 0.011740331491712707
20 0.6025390625 0.1464088397790055 0.00927734375 0.028314917127071824
20 0.5693359375 0.1484806629834254 0.00927734375 0.026243093922651933
20 0.54150390625 0.13950276243093923 0.009765625 0.026933701657458564
43 0.6103515625 0.12430939226519337 0.005859375 0.011049723756906077
37 0.62890625 0.12154696132596685 0.01025390625 0.015883977900552487
27 0.45751953125 0.12361878453038674 0.00439453125 0.011049723756906077
20 0.2900390625 0.10911602209944751 0.01953125 0.013812154696132596
43 0.20556640625 0.07941988950276244 0.005859375 0.011049723756906077
7 0.1357421875 0.4219613259668508 0.01025390625 0.015193370165745856
27 0.17431640625 0.5096685082872928 0.00732421875 0.006215469613259668
27 0.14990234375 0.5441988950276243 0.00390625 0.009668508287292817
7 0.13623046875 0.580110497237569 0.009765625 0.014502762430939226
7 0.20947265625 0.550414364640884 0.0107421875 0.015193370165745856
25 0.177734375 0.5738950276243094 0.0234375 0.0531767955801105
43 0.25439453125 0.5883977900552486 0.0087890625 0.007596685082872928
7 0.28271484375 0.550414364640884 0.0107421875 0.015883977900552487
27 0.29296875 0.5814917127071824 0.00830078125 0.007596685082872928
27 0.29296875 0.5683701657458563 0.0087890625 0.007596685082872928
43 0.3173828125 0.6035911602209945 0.0078125 0.007596685082872928
43 0.326171875 0.6215469613259669 0.0078125 0.006906077348066298
27 0.34326171875 0.5814917127071824 0.0087890625 0.006906077348066298
28 0.32177734375 0.5538674033149171 0.021484375 0.03038674033149171
27 0.37353515625 0.539364640883978 0.00390625 0.008977900552486187
20 0.5078125 0.5048342541436464 0.01806640625 0.013121546961325966
12 0.56884765625 0.636049723756906 0.0087890625 0.013812154696132596
20 0.5693359375 0.6871546961325967 0.00927734375 0.025552486187845305
42 0.5693359375 0.7078729281767956 0.00537109375 0.013812154696132596
29 0.58056640625 0.7458563535911602 0.01123046875 0.015883977900552487
43 0.6025390625 0.1712707182320442 0.00830078125 0.006906077348066298
43 0.5693359375 0.1664364640883978 0.00927734375 0.006215469613259668