27 0.7541809389482168 0.9167854089484183 0.0030223655047350393 0.003134796238244514
20 0.7174088253072738 0.9947278426902252 0.005037275841225065 0.01054431461954973
20 0.7219423735643764 0.9477058991165574 0.004432802740278058 0.011399259048161869
27 0.7216401370139028 0.933029353092049 0.004029820672980053 0.003419777714448561
27 0.7220431190812009 0.9281846679965802 0.0038283296393310496 0.003134796238244514
28 0.7118678218819262 0.9367341122827016 0.01007455168245013 0.01396409233399829
27 0.7053193632883337 0.9249073810202337 0.004029820672980053 0.003419777714448561
20 0.6745919806568608 0.9866058706184098 0.005037275841225065 0.011114277571957822
32 0.6290550070521862 0.8590766600170989 0.006044731009470079 0.008264462809917356
22 0.6431593794076164 0.8619264747791393 0.010880515817046141 0.014534055286406384
20 0.6418496876888978 0.8751781134226275 0.00463429377392706 0.011114277571957822
20 0.6444690711263349 0.8485323453975492 0.005037275841225065 0.011114277571957822
27 0.6431593794076164 0.890567113137646 0.0030223655047350393 0.003134796238244514
7 0.6390288132178118 0.914505557138786 0.005037275841225065 0.006839555428897122
20 0.6368124118476728 0.9261897976631519 0.0048357848075760625 0.011114277571957822
27 0.6288535160185372 0.9246223995440296 0.002619383437437034 0.005129666571672842
27 0.6265363691315736 0.9498432601880877 0.0024178924037880313 0.005414648047876888
27 0.6301632077372556 0.9502707324023938 0.0024178924037880313 0.005129666571672842
20 0.6073947209349184 0.9742091764035338 0.008261132379609107 0.006554573952693075
20 0.6316743904896233 0.9779139355941864 0.0048357848075760625 0.011114277571957822
20 0.6525287124722949 0.9975776574522656 0.00463429377392706 0.004844685095468795
20 0.6791255289139634 0.9388714733542319 0.00463429377392706 0.011399259048161869
27 0.6765061454765263 0.9240524365916215 0.0036268386056820473 0.003134796238244514
27 0.6770098730606487 0.9189227700199487 0.0036268386056820473 0.003134796238244514
28 0.6689502317146887 0.9286121402108863 0.009873060648801129 0.01396409233399829
27 0.6624017731210962 0.9160729552579082 0.0036268386056820473 0.0037047591906526076