43 0.15673828125 0.1042817679558011 0.005859375 0.013121546961325966
44 0.244140625 0.09944751381215469 0.0087890625 0.018646408839779006
23 0.27587890625 0.10497237569060773 0.0087890625 0.022099447513812154
35 0.31494140625 0.09875690607734806 0.0107421875 0.018646408839779006
43 0.359375 0.11464088397790055 0.00927734375 0.007596685082872928
38 0.359375 0.143646408839779 0.015625 0.022790055248618785
40 0.39453125 0.143646408839779 0.033203125 0.016574585635359115
4 0.35888671875 0.48756906077348067 0.09228515625 0.5290055248618785
20 0.4013671875 0.18853591160220995 0.01806640625 0.012430939226519336
37 0.4189453125 0.18439226519337015 0.009765625 0.015193370165745856
43 0.390625 0.21339779005524862 0.0087890625 0.007596685082872928
20 0.30615234375 0.30732044198895025 0.01708984375 0.012430939226519336
20 0.27392578125 0.3763812154696133 0.017578125 0.013812154696132596
20 0.3056640625 0.4558011049723757 0.01806640625 0.013121546961325966
27 0.59033203125 0.2085635359116022 0.00439453125 0.009668508287292817
20 0.44482421875 0.30662983425414364 0.01806640625 0.013812154696132596
20 0.52685546875 0.30732044198895025 0.0185546875 0.011740331491712707
27 0.5517578125 0.31353591160220995 0.00439453125 0.013121546961325966
27 0.56005859375 0.31353591160220995 0.00439453125 0.012430939226519336
28 0.5419921875 0.3453038674033149 0.02099609375 0.03038674033149171
27 0.56005859375 0.3715469613259669 0.00439453125 0.013121546961325966
20 0.41357421875 0.3860497237569061 0.017578125 0.014502762430939226
20 0.44482421875 0.4551104972375691 0.01806640625 0.013812154696132596
28 0.17724609375 0.4143646408839779 0.02099609375 0.03038674033149171
27 0.15869140625 0.4488950276243094 0.0048828125 0.013121546961325966
27 0.15869140625 0.3777624309392265 0.00537109375 0.013121546961325966
27 0.16748046875 0.3777624309392265 0.0048828125 0.013121546961325966
27 0.1591796875 0.5379834254143646 0.00439453125 0.011740331491712707
27 0.16748046875 0.5386740331491713 0.00390625 0.011740331491712707
28 0.17724609375 0.5676795580110497 0.0205078125 0.03038674033149171
27 0.15869140625 0.6111878453038674 0.0048828125 0.012430939226519336
7 0.14990234375 0.6892265193370166 0.009765625 0.014502762430939226
33 0.16748046875 0.6926795580110497 0.00537109375 0.020027624309392266
43 0.14111328125 0.7216850828729282 0.00537109375 0.011740331491712707
43 0.1708984375 0.7223756906077348 0.0048828125 0.011740331491712707
11 0.15380859375 0.7320441988950276 0.015625 0.026243093922651933
8 0.0869140625 0.7769337016574586 0.0087890625 0.007596685082872928
23 0.1044921875 0.7762430939226519 0.0087890625 0.022790055248618785
35 0.123046875 0.7714088397790055 0.009765625 0.018646408839779006
42 0.35986328125 0.7817679558011049 0.005859375 0.013812154696132596
12 0.35986328125 0.7624309392265194 0.00927734375 0.011740331491712707
32 0.64599609375 0.6526243093922652 0.01220703125 0.018646408839779006
22 0.64599609375 0.6035911602209945 0.02197265625 0.03314917127071823
20 0.623046875 0.6035911602209945 0.01806640625 0.012430939226519336
20 0.6689453125 0.6035911602209945 0.01806640625 0.013812154696132596
27 0.59716796875 0.5939226519337016 0.00439453125 0.009668508287292817
7 0.55517578125 0.6001381215469613 0.01025390625 0.015193370165745856
20 0.53466796875 0.6035911602209945 0.01806640625 0.013121546961325966
27 0.53466796875 0.6312154696132597 0.00830078125 0.007596685082872928
27 0.4912109375 0.630524861878453 0.0087890625 0.006906077348066298
27 0.49169921875 0.6180939226519337 0.00830078125 0.006906077348066298
20 0.443359375 0.6871546961325967 0.0087890625 0.026933701657458564
20 0.4453125 0.6035911602209945 0.01806640625 0.013121546961325966
20 0.3056640625 0.6035911602209945 0.01708984375 0.013121546961325966
20 0.27392578125 0.5296961325966851 0.01806640625 0.012430939226519336
20 0.41357421875 0.5248618784530387 0.01806640625 0.012430939226519336
20 0.52734375 0.4558011049723757 0.0185546875 0.012430939226519336
27 0.5517578125 0.4696132596685083 0.00439453125 0.011740331491712707
27 0.560546875 0.4696132596685083 0.00439453125 0.011740331491712707
28 0.54150390625 0.4937845303867403 0.02099609375 0.029696132596685083
27 0.560546875 0.5200276243093923 0.00537109375 0.011740331491712707
20 0.27587890625 0.6878453038674033 0.0087890625 0.026933701657458564
21 0.142578125 0.7769337016574586 0.00927734375 0.011740331491712707