37 0.259375 0.66171875 0.0796875 0.075
37 0.62734375 0.74453125 0.078125 0.0734375
43 0.3140625 0.61171875 0.0515625 0.0515625
7 0.25078125 0.334375 0.0828125 0.0828125
10 0.97421875 0.53828125 0.0515625 0.1640625
13 0.9546875 0.4375 0.0546875 0.0578125
20 0.9015625 0.37265625 0.096875 0.1046875
43 0.84140625 0.29296875 0.0484375 0.0453125
20 0.7515625 0.17578125 0.0984375 0.1078125
7 0.65 0.06953125 0.08125 0.08125
27 0.51171875 0.1078125 0.0421875 0.040625
27 0.38359375 0.0921875 0.04375 0.0453125
25 0.5296875 0.02734375 0.259375 0.0546875