27 0.13646875 0.8432812500000001 0.03296874999999999 0.05421875000000007
27 0.436265625 0.8432812500000001 0.03185937499999998 0.05421875000000007
27 0.648296875 0.8430781250000001 0.070515625 0.03299999999999983
27 0.65340625 0.9490000000000001 0.0633750000000001 0.04345312499999991
27 0.139453125 0.976203125 0.07018750000000003 0.03535937500000017
41 0.293546875 0.880609375 0.07975000000000003 0.06292187499999997
34 0.77190625 0.8440468750000001 0.08857812500000009 0.08354687500000005
34 0.773640625 0.9509375 0.08510937500000004 0.08898437500000007
13 0.8678593749999999 0.8401875000000001 0.07560937500000016 0.048046875
13 0.867375 0.950546875 0.06423437499999984 0.046546874999999946
27 0.9723124999999999 0.8436562500000001 0.0553593750000001 0.04110937499999991
27 0.9723124999999999 0.94978125 0.0553593750000001 0.04499999999999993