26 0.6988888888888889 0.23009000000000002 0.1364555555555555 0.4398
43 0.15244444444444444 0.47111000000000003 0.01764999999999999 0.031850000000000024
24 0.20044444444444445 0.44518 0.030311111111111143 0.08665999999999997
27 0.8832555555555555 0.15041 0.02947777777777775 0.027120000000000005
43 0.2505 0.47064999999999996 0.017455555555555533 0.029809999999999944
27 0.2811611111111111 0.46952999999999995 0.026927777777777762 0.032029999999999975
27 0.3629555555555556 0.58029 0.016444444444444394 0.05354999999999995
27 0.09189444444444445 0.4712 0.031738888888888886 0.028700000000000045
27 0.1250277777777778 0.52788 0.016511111111111126 0.04872000000000003
27 0.6984722222222223 0.5928 0.017105555555555537 0.055220000000000026
27 0.8314 0.27682 0.016300000000000082 0.04993999999999997
29 0.20137222222222223 0.6206699999999999 0.02846111111111112 0.04097000000000003
27 0.5048888888888888 0.07604999999999999 0.020683333333333342 0.048400000000000006