26 0.6663888888888889 0.797 0.18055555555555555 0.406
43 0.15583333333333332 0.409 0.021111111111111112 0.038
24 0.20027777777777778 0.451 0.03944444444444444 0.096
27 0.8391666666666666 0.9745 0.03166666666666667 0.037
43 0.25194444444444447 0.4435 0.02 0.035
27 0.28194444444444444 0.455 0.029444444444444443 0.041
27 0.37416666666666665 0.374 0.022222222222222223 0.059
27 0.09638888888888889 0.3885 0.03388888888888889 0.039
27 0.13472222222222222 0.3435 0.021666666666666667 0.054
27 0.7044444444444444 0.477 0.02277777777777778 0.06
27 0.8016666666666666 0.8325 0.021111111111111112 0.055
29 0.21972222222222224 0.279 0.03222222222222222 0.05
27 0.46 0.918 0.025 0.054