26 0.14236666666666667 0.43363 0.13493888888888889 0.4535699999999999
26 0.6148777777777777 0.43011 0.13325555555555563 0.43986
19 0.17235555555555557 0.07429999999999999 0.022283333333333342 0.06822999999999999
27 0.17333333333333334 0.07309 0.01374444444444445 0.04247
27 0.6458944444444444 0.0742 0.011955555555555546 0.04471000000000001
19 0.64605 0.07504000000000001 0.021522222222222102 0.06971000000000001
27 0.9858888888888888 0.20589 0.013544444444444505 0.048079999999999984
27 0.27534444444444445 0.47658 0.017150000000000002 0.04612
27 0.76 0.47639 0.014233333333333273 0.05241999999999996
27 0.8101555555555555 0.34767000000000003 0.0275111111111111 0.028299999999999954
27 0.14287777777777777 0.79246 0.017027777777777767 0.05454999999999995
27 0.6152888888888889 0.79403 0.015549999999999878 0.0543599999999999
27 0.32766666666666666 0.34841 0.031050000000000057 0.029779999999999973
27 0.11118888888888888 0.16496 0.016205555555555563 0.04992000000000001
27 0.4709888888888889 0.27544 0.014400000000000041 0.048279999999999976
27 0.5738722222222222 0.16505 0.016061111111111092 0.04973000000000002
27 0.8923111111111112 0.95424 0.01466111111111104 0.0481099999999999